Rf=2.764230506 A
Ef=-625.6624316752 Ry = -50.805382457157783 meV

