Rf= 2.731841543 A
Ef= -52.321420589863493 meV
