Rf=2.740817004 A
Ef= -51.931754422258521 meV
