Rf= 2.682295564 A
Ef= -54.612035876507719 meV
