Rf= 2.75675726 A
Ef= -51.180689209677411 meV

